{
  "nbformat": 4,
  "nbformat_minor": 0,
  "metadata": {
    "colab": {
      "name": "Multivariate Exam.ipynb",
      "provenance": [],
      "include_colab_link": true
    },
    "kernelspec": {
      "name": "python3",
      "display_name": "Python 3"
    },
    "language_info": {
      "name": "python"
    }
  },
  "cells": [
    {
      "cell_type": "markdown",
      "metadata": {
        "id": "view-in-github",
        "colab_type": "text"
      },
      "source": [
        "<a href=\"https://colab.research.google.com/github/Athitiya00/multivariate/blob/main/Multivariate_Exam.ipynb\" target=\"_parent\"><img src=\"https://colab.research.google.com/assets/colab-badge.svg\" alt=\"Open In Colab\"/></a>"
      ]
    },
    {
      "cell_type": "markdown",
      "metadata": {
        "id": "JZxiNADfaDtv"
      },
      "source": [
        "ให้นักศึกษาทำข้อสอบใน Colab Notebook นี้โดยกรอกข้อมูลของตัวเองใน cell ที่ 2 แล้วรัน cell ที่ 1 - 5 และเริ่มทำข้อสอบใน cell ที่ 6 เป็นต้นไป\n",
        "\n",
        "โดยโจทย์คือ\n",
        "1. ข้อมูลโจทย์ อยู่ใน ตัวแปร ```Data```\n",
        "2. ทำ clustering แล้วทำ visualize ข้อมูลแบบ 2 มิติ\n",
        "3. ลด Dimension ของข้อมูลเหลือ 2 มิติ แล้วทำ clustering แล้ว visualize ข้อมูลแบบ 2 มิติ\n",
        "4. เปรียบเทียบความแตกต่างของผลข้อ 2. กับ ข้อ 3.\n",
        "5. เขียน comments อธิบายทุกขั้นตอน\n",
        "6. อัด video อธิบาย code ทุกๆขั้นตอนรวมถึงผลแล้วอัพลง youtube ในรูปแบบ unlist \n",
        "7. commit โดยใช้ชื่อ commit เป็น link youtube ที่อธิบาย code ในข้อ 6.\n",
        "\n",
        "กำหนดส่งวันที่ 2 พฤษภาคม 2564 (โดยให้มากรอกวันที่ commit ครั้งสุดท้ายใน sheet: https://docs.google.com/spreadsheets/d/1_qJwLDJVtOW1HxBcf_FHVc6UT4J_SOonuR6o3EEnVzw/edit?usp=sharing ช่อง Final)"
      ]
    },
    {
      "cell_type": "code",
      "metadata": {
        "id": "cWl2x1bPGtQl"
      },
      "source": [
        "from sklearn.datasets import make_blobs\n",
        "import random,math\n",
        "import numpy as np\n",
        "import pandas"
      ],
      "execution_count": null,
      "outputs": []
    },
    {
      "cell_type": "code",
      "metadata": {
        "id": "gZfzuiHsZksh"
      },
      "source": [
        "Name = 'อาธิติยา ธรรมวงษา'\n",
        "ID = '623021058-0'"
      ],
      "execution_count": null,
      "outputs": []
    },
    {
      "cell_type": "code",
      "metadata": {
        "id": "8hFQXkF5aAiA"
      },
      "source": [
        "def DataGenerator(name,id):\n",
        "    random.seed(int(id[3:6]))\n",
        "    numfeat = random.randint(20,30)\n",
        "    ct = random.randint(len(name)-6,len(name))\n",
        "    \n",
        "    X, y = make_blobs(n_samples=10000, centers=ct, n_features=numfeat , random_state=int(id[3:6]))\n",
        "\n",
        "    print(f'{id[3:6]}:{numfeat}:{ct}')\n",
        "    X_t = (X[:,1]*2)+int(id[3])\n",
        "    X_t2 = (X[:,-1]*5)+int(id[4])\n",
        "\n",
        "    DT = np.append(X,X_t.reshape([10000,1]),axis=1)\n",
        "    DT = np.append(DT,X_t2.reshape([10000,1]),axis=1)\n",
        "    \n",
        "    return pandas.DataFrame(DT)"
      ],
      "execution_count": null,
      "outputs": []
    },
    {
      "cell_type": "code",
      "metadata": {
        "colab": {
          "base_uri": "https://localhost:8080/"
        },
        "id": "hbXlxumSBX9i",
        "outputId": "48ee585f-28bb-4689-9b4b-1322ece75b8e"
      },
      "source": [
        "Data = DataGenerator(Name,ID)"
      ],
      "execution_count": null,
      "outputs": [
        {
          "output_type": "stream",
          "text": [
            "021:22:14\n"
          ],
          "name": "stdout"
        }
      ]
    },
    {
      "cell_type": "code",
      "metadata": {
        "colab": {
          "base_uri": "https://localhost:8080/",
          "height": 419
        },
        "id": "pQcCySXvBdN-",
        "outputId": "859ec776-89de-4d8e-c3bf-cf0c38be93f3"
      },
      "source": [
        "Data"
      ],
      "execution_count": null,
      "outputs": [
        {
          "output_type": "execute_result",
          "data": {
            "text/html": [
              "<div>\n",
              "<style scoped>\n",
              "    .dataframe tbody tr th:only-of-type {\n",
              "        vertical-align: middle;\n",
              "    }\n",
              "\n",
              "    .dataframe tbody tr th {\n",
              "        vertical-align: top;\n",
              "    }\n",
              "\n",
              "    .dataframe thead th {\n",
              "        text-align: right;\n",
              "    }\n",
              "</style>\n",
              "<table border=\"1\" class=\"dataframe\">\n",
              "  <thead>\n",
              "    <tr style=\"text-align: right;\">\n",
              "      <th></th>\n",
              "      <th>0</th>\n",
              "      <th>1</th>\n",
              "      <th>2</th>\n",
              "      <th>3</th>\n",
              "      <th>4</th>\n",
              "      <th>5</th>\n",
              "      <th>6</th>\n",
              "      <th>7</th>\n",
              "      <th>8</th>\n",
              "      <th>9</th>\n",
              "      <th>10</th>\n",
              "      <th>11</th>\n",
              "      <th>12</th>\n",
              "      <th>13</th>\n",
              "      <th>14</th>\n",
              "      <th>15</th>\n",
              "      <th>16</th>\n",
              "      <th>17</th>\n",
              "      <th>18</th>\n",
              "      <th>19</th>\n",
              "      <th>20</th>\n",
              "      <th>21</th>\n",
              "      <th>22</th>\n",
              "      <th>23</th>\n",
              "    </tr>\n",
              "  </thead>\n",
              "  <tbody>\n",
              "    <tr>\n",
              "      <th>0</th>\n",
              "      <td>-9.426576</td>\n",
              "      <td>-4.376342</td>\n",
              "      <td>3.475123</td>\n",
              "      <td>-9.964274</td>\n",
              "      <td>-7.473798</td>\n",
              "      <td>-8.877976</td>\n",
              "      <td>-5.008762</td>\n",
              "      <td>6.322720</td>\n",
              "      <td>-3.828949</td>\n",
              "      <td>1.867419</td>\n",
              "      <td>-8.083785</td>\n",
              "      <td>7.770605</td>\n",
              "      <td>-6.873573</td>\n",
              "      <td>-6.108583</td>\n",
              "      <td>0.318526</td>\n",
              "      <td>8.018442</td>\n",
              "      <td>4.662985</td>\n",
              "      <td>8.758816</td>\n",
              "      <td>5.459240</td>\n",
              "      <td>-2.219485</td>\n",
              "      <td>-1.991638</td>\n",
              "      <td>3.436048</td>\n",
              "      <td>-8.752684</td>\n",
              "      <td>19.180239</td>\n",
              "    </tr>\n",
              "    <tr>\n",
              "      <th>1</th>\n",
              "      <td>-1.504680</td>\n",
              "      <td>-4.798100</td>\n",
              "      <td>-9.477033</td>\n",
              "      <td>7.594804</td>\n",
              "      <td>8.830604</td>\n",
              "      <td>9.330478</td>\n",
              "      <td>8.785840</td>\n",
              "      <td>-8.155954</td>\n",
              "      <td>7.534038</td>\n",
              "      <td>-9.153681</td>\n",
              "      <td>8.121219</td>\n",
              "      <td>6.385155</td>\n",
              "      <td>8.018150</td>\n",
              "      <td>5.199183</td>\n",
              "      <td>8.194834</td>\n",
              "      <td>5.343283</td>\n",
              "      <td>8.596106</td>\n",
              "      <td>-8.518229</td>\n",
              "      <td>2.092111</td>\n",
              "      <td>6.203299</td>\n",
              "      <td>7.313643</td>\n",
              "      <td>-9.502662</td>\n",
              "      <td>-9.596201</td>\n",
              "      <td>-45.513311</td>\n",
              "    </tr>\n",
              "    <tr>\n",
              "      <th>2</th>\n",
              "      <td>-0.724281</td>\n",
              "      <td>-3.474088</td>\n",
              "      <td>-7.808672</td>\n",
              "      <td>9.030851</td>\n",
              "      <td>8.839823</td>\n",
              "      <td>8.814363</td>\n",
              "      <td>9.691501</td>\n",
              "      <td>-9.396026</td>\n",
              "      <td>7.542054</td>\n",
              "      <td>-8.843869</td>\n",
              "      <td>8.885087</td>\n",
              "      <td>4.696764</td>\n",
              "      <td>7.429579</td>\n",
              "      <td>5.172997</td>\n",
              "      <td>6.781114</td>\n",
              "      <td>4.759322</td>\n",
              "      <td>8.378016</td>\n",
              "      <td>-8.474100</td>\n",
              "      <td>3.362103</td>\n",
              "      <td>6.338624</td>\n",
              "      <td>8.772902</td>\n",
              "      <td>-9.134738</td>\n",
              "      <td>-6.948176</td>\n",
              "      <td>-43.673691</td>\n",
              "    </tr>\n",
              "    <tr>\n",
              "      <th>3</th>\n",
              "      <td>8.037503</td>\n",
              "      <td>7.536090</td>\n",
              "      <td>4.304222</td>\n",
              "      <td>1.368213</td>\n",
              "      <td>7.655374</td>\n",
              "      <td>5.877472</td>\n",
              "      <td>-10.673538</td>\n",
              "      <td>3.329210</td>\n",
              "      <td>1.672791</td>\n",
              "      <td>-0.114393</td>\n",
              "      <td>-2.519571</td>\n",
              "      <td>-3.016721</td>\n",
              "      <td>-4.771517</td>\n",
              "      <td>6.474865</td>\n",
              "      <td>5.012202</td>\n",
              "      <td>-6.992676</td>\n",
              "      <td>3.322683</td>\n",
              "      <td>6.385760</td>\n",
              "      <td>6.283564</td>\n",
              "      <td>-3.763382</td>\n",
              "      <td>-4.210971</td>\n",
              "      <td>-4.080487</td>\n",
              "      <td>15.072180</td>\n",
              "      <td>-18.402434</td>\n",
              "    </tr>\n",
              "    <tr>\n",
              "      <th>4</th>\n",
              "      <td>-0.643676</td>\n",
              "      <td>-5.098232</td>\n",
              "      <td>6.426570</td>\n",
              "      <td>-2.833146</td>\n",
              "      <td>-4.292058</td>\n",
              "      <td>-3.105426</td>\n",
              "      <td>2.996073</td>\n",
              "      <td>-3.192412</td>\n",
              "      <td>-4.275848</td>\n",
              "      <td>6.586916</td>\n",
              "      <td>1.208168</td>\n",
              "      <td>5.088648</td>\n",
              "      <td>8.835935</td>\n",
              "      <td>-5.743763</td>\n",
              "      <td>0.456918</td>\n",
              "      <td>-6.460829</td>\n",
              "      <td>9.504938</td>\n",
              "      <td>5.275986</td>\n",
              "      <td>2.749596</td>\n",
              "      <td>-6.231896</td>\n",
              "      <td>8.339736</td>\n",
              "      <td>-10.052189</td>\n",
              "      <td>-10.196465</td>\n",
              "      <td>-48.260945</td>\n",
              "    </tr>\n",
              "    <tr>\n",
              "      <th>...</th>\n",
              "      <td>...</td>\n",
              "      <td>...</td>\n",
              "      <td>...</td>\n",
              "      <td>...</td>\n",
              "      <td>...</td>\n",
              "      <td>...</td>\n",
              "      <td>...</td>\n",
              "      <td>...</td>\n",
              "      <td>...</td>\n",
              "      <td>...</td>\n",
              "      <td>...</td>\n",
              "      <td>...</td>\n",
              "      <td>...</td>\n",
              "      <td>...</td>\n",
              "      <td>...</td>\n",
              "      <td>...</td>\n",
              "      <td>...</td>\n",
              "      <td>...</td>\n",
              "      <td>...</td>\n",
              "      <td>...</td>\n",
              "      <td>...</td>\n",
              "      <td>...</td>\n",
              "      <td>...</td>\n",
              "      <td>...</td>\n",
              "    </tr>\n",
              "    <tr>\n",
              "      <th>9995</th>\n",
              "      <td>-0.471211</td>\n",
              "      <td>-3.878440</td>\n",
              "      <td>4.976258</td>\n",
              "      <td>-2.952263</td>\n",
              "      <td>-6.353971</td>\n",
              "      <td>-2.629481</td>\n",
              "      <td>4.286065</td>\n",
              "      <td>-2.341729</td>\n",
              "      <td>-4.328366</td>\n",
              "      <td>8.389839</td>\n",
              "      <td>1.109955</td>\n",
              "      <td>5.005765</td>\n",
              "      <td>9.732920</td>\n",
              "      <td>-4.022717</td>\n",
              "      <td>-1.276452</td>\n",
              "      <td>-7.988043</td>\n",
              "      <td>9.769834</td>\n",
              "      <td>6.570557</td>\n",
              "      <td>4.351780</td>\n",
              "      <td>-4.629683</td>\n",
              "      <td>8.995164</td>\n",
              "      <td>-8.866562</td>\n",
              "      <td>-7.756880</td>\n",
              "      <td>-42.332809</td>\n",
              "    </tr>\n",
              "    <tr>\n",
              "      <th>9996</th>\n",
              "      <td>-10.560733</td>\n",
              "      <td>-6.007623</td>\n",
              "      <td>5.014512</td>\n",
              "      <td>-12.238524</td>\n",
              "      <td>-5.664494</td>\n",
              "      <td>-10.884708</td>\n",
              "      <td>-2.081247</td>\n",
              "      <td>4.273204</td>\n",
              "      <td>-4.103752</td>\n",
              "      <td>1.356016</td>\n",
              "      <td>-10.396789</td>\n",
              "      <td>7.701799</td>\n",
              "      <td>-7.347034</td>\n",
              "      <td>-6.822259</td>\n",
              "      <td>0.699940</td>\n",
              "      <td>6.524154</td>\n",
              "      <td>6.611412</td>\n",
              "      <td>7.812663</td>\n",
              "      <td>3.459987</td>\n",
              "      <td>-2.957703</td>\n",
              "      <td>-1.717942</td>\n",
              "      <td>3.612419</td>\n",
              "      <td>-12.015246</td>\n",
              "      <td>20.062094</td>\n",
              "    </tr>\n",
              "    <tr>\n",
              "      <th>9997</th>\n",
              "      <td>-0.274193</td>\n",
              "      <td>-5.624442</td>\n",
              "      <td>-4.132013</td>\n",
              "      <td>-3.784893</td>\n",
              "      <td>-7.780816</td>\n",
              "      <td>5.146189</td>\n",
              "      <td>4.412614</td>\n",
              "      <td>-9.097709</td>\n",
              "      <td>-5.357306</td>\n",
              "      <td>-3.464257</td>\n",
              "      <td>6.210606</td>\n",
              "      <td>-0.096741</td>\n",
              "      <td>0.517492</td>\n",
              "      <td>-4.799790</td>\n",
              "      <td>1.843947</td>\n",
              "      <td>6.922275</td>\n",
              "      <td>12.290972</td>\n",
              "      <td>-8.767819</td>\n",
              "      <td>0.280662</td>\n",
              "      <td>-7.123301</td>\n",
              "      <td>5.770248</td>\n",
              "      <td>3.728265</td>\n",
              "      <td>-11.248883</td>\n",
              "      <td>20.641323</td>\n",
              "    </tr>\n",
              "    <tr>\n",
              "      <th>9998</th>\n",
              "      <td>-6.004195</td>\n",
              "      <td>6.431052</td>\n",
              "      <td>7.613415</td>\n",
              "      <td>5.964495</td>\n",
              "      <td>-0.585159</td>\n",
              "      <td>-8.024162</td>\n",
              "      <td>-3.890882</td>\n",
              "      <td>-3.630688</td>\n",
              "      <td>-2.221155</td>\n",
              "      <td>-0.537819</td>\n",
              "      <td>-0.668570</td>\n",
              "      <td>-6.532314</td>\n",
              "      <td>7.532070</td>\n",
              "      <td>3.238244</td>\n",
              "      <td>5.107010</td>\n",
              "      <td>-6.098886</td>\n",
              "      <td>2.428073</td>\n",
              "      <td>3.820027</td>\n",
              "      <td>-2.835451</td>\n",
              "      <td>-0.432642</td>\n",
              "      <td>4.799660</td>\n",
              "      <td>2.761357</td>\n",
              "      <td>12.862104</td>\n",
              "      <td>15.806783</td>\n",
              "    </tr>\n",
              "    <tr>\n",
              "      <th>9999</th>\n",
              "      <td>8.774366</td>\n",
              "      <td>-0.737258</td>\n",
              "      <td>5.278708</td>\n",
              "      <td>7.608315</td>\n",
              "      <td>4.155801</td>\n",
              "      <td>6.949827</td>\n",
              "      <td>4.351027</td>\n",
              "      <td>-0.711411</td>\n",
              "      <td>-5.087614</td>\n",
              "      <td>7.552106</td>\n",
              "      <td>-9.178622</td>\n",
              "      <td>-2.162664</td>\n",
              "      <td>-4.793115</td>\n",
              "      <td>1.477523</td>\n",
              "      <td>9.021584</td>\n",
              "      <td>-2.451813</td>\n",
              "      <td>5.766895</td>\n",
              "      <td>8.312502</td>\n",
              "      <td>2.675544</td>\n",
              "      <td>-3.415289</td>\n",
              "      <td>7.336294</td>\n",
              "      <td>0.169953</td>\n",
              "      <td>-1.474516</td>\n",
              "      <td>2.849766</td>\n",
              "    </tr>\n",
              "  </tbody>\n",
              "</table>\n",
              "<p>10000 rows × 24 columns</p>\n",
              "</div>"
            ],
            "text/plain": [
              "             0         1         2   ...         21         22         23\n",
              "0     -9.426576 -4.376342  3.475123  ...   3.436048  -8.752684  19.180239\n",
              "1     -1.504680 -4.798100 -9.477033  ...  -9.502662  -9.596201 -45.513311\n",
              "2     -0.724281 -3.474088 -7.808672  ...  -9.134738  -6.948176 -43.673691\n",
              "3      8.037503  7.536090  4.304222  ...  -4.080487  15.072180 -18.402434\n",
              "4     -0.643676 -5.098232  6.426570  ... -10.052189 -10.196465 -48.260945\n",
              "...         ...       ...       ...  ...        ...        ...        ...\n",
              "9995  -0.471211 -3.878440  4.976258  ...  -8.866562  -7.756880 -42.332809\n",
              "9996 -10.560733 -6.007623  5.014512  ...   3.612419 -12.015246  20.062094\n",
              "9997  -0.274193 -5.624442 -4.132013  ...   3.728265 -11.248883  20.641323\n",
              "9998  -6.004195  6.431052  7.613415  ...   2.761357  12.862104  15.806783\n",
              "9999   8.774366 -0.737258  5.278708  ...   0.169953  -1.474516   2.849766\n",
              "\n",
              "[10000 rows x 24 columns]"
            ]
          },
          "metadata": {
            "tags": []
          },
          "execution_count": 40
        }
      ]
    },
    {
      "cell_type": "code",
      "metadata": {
        "id": "jUARadkFEuyJ",
        "colab": {
          "base_uri": "https://localhost:8080/"
        },
        "outputId": "2d5d2dd7-7790-41c1-86d1-5c032e181ee6"
      },
      "source": [
        "Data.shape#ดูนาดของข้อมูล"
      ],
      "execution_count": null,
      "outputs": [
        {
          "output_type": "execute_result",
          "data": {
            "text/plain": [
              "(10000, 24)"
            ]
          },
          "metadata": {
            "tags": []
          },
          "execution_count": 41
        }
      ]
    },
    {
      "cell_type": "code",
      "metadata": {
        "id": "I7g0MT7zgwE9"
      },
      "source": [
        "corr = np.corrcoef(Data.to_numpy().T)#ดูความสัมพันธ์ของตัวแปรในชุดข้อมูล"
      ],
      "execution_count": null,
      "outputs": []
    },
    {
      "cell_type": "code",
      "metadata": {
        "id": "Dd49lyJhhEAo",
        "colab": {
          "base_uri": "https://localhost:8080/"
        },
        "outputId": "0b183a70-e122-43ab-c81f-0e26565ca196"
      },
      "source": [
        "corr.shape #ดูขนาดของ correlation"
      ],
      "execution_count": null,
      "outputs": [
        {
          "output_type": "execute_result",
          "data": {
            "text/plain": [
              "(24, 24)"
            ]
          },
          "metadata": {
            "tags": []
          },
          "execution_count": 43
        }
      ]
    },
    {
      "cell_type": "code",
      "metadata": {
        "id": "tR91NmTPhGyl",
        "colab": {
          "base_uri": "https://localhost:8080/"
        },
        "outputId": "d347fd36-eac9-4ec3-c17e-8a902f162a70"
      },
      "source": [
        "corr"
      ],
      "execution_count": null,
      "outputs": [
        {
          "output_type": "execute_result",
          "data": {
            "text/plain": [
              "array([[ 1.        ,  0.07097861,  0.00727628,  0.17032666,  0.05784125,\n",
              "         0.34922848,  0.00144648, -0.10300148,  0.23787282, -0.13525164,\n",
              "        -0.00252538, -0.26515726, -0.05124382,  0.31435019, -0.03934624,\n",
              "        -0.43603255, -0.34655407, -0.13580194, -0.24825093, -0.27314994,\n",
              "        -0.34468117, -0.04300807,  0.07097861, -0.04300807],\n",
              "       [ 0.07097861,  1.        ,  0.33942648,  0.12921421,  0.20167379,\n",
              "        -0.03281745, -0.69963707,  0.53963616, -0.1704818 , -0.04027192,\n",
              "        -0.32157628, -0.28133272, -0.0490309 , -0.0157962 ,  0.31280799,\n",
              "        -0.40457474, -0.28033617,  0.00850245, -0.1391372 , -0.0170169 ,\n",
              "        -0.10889668,  0.11518462,  1.        ,  0.11518462],\n",
              "       [ 0.00727628,  0.33942648,  1.        , -0.09281998, -0.38138357,\n",
              "        -0.47132263, -0.44587784,  0.12455158, -0.28315809,  0.12305369,\n",
              "        -0.15910026,  0.01825615, -0.22907995, -0.08723838,  0.52846964,\n",
              "        -0.33028463, -0.04399669,  0.35492636,  0.28487653, -0.60336777,\n",
              "         0.12776285, -0.07075127,  0.33942648, -0.07075127],\n",
              "       [ 0.17032666,  0.12921421, -0.09281998,  1.        ,  0.46009952,\n",
              "         0.35626905,  0.36345062, -0.18174218,  0.48242998, -0.13011683,\n",
              "         0.30797846, -0.01437493,  0.34191049,  0.37709967,  0.2886127 ,\n",
              "        -0.40968614,  0.09439652, -0.02994796, -0.13521186,  0.45832894,\n",
              "         0.32398527, -0.39173188,  0.12921421, -0.39173188],\n",
              "       [ 0.05784125,  0.20167379, -0.38138357,  0.46009952,  1.        ,\n",
              "         0.57617135, -0.06712627,  0.39095589,  0.26417531,  0.381489  ,\n",
              "        -0.15450883, -0.05947116, -0.04309389,  0.37033538,  0.10482406,\n",
              "         0.00955319,  0.11737819,  0.11857544, -0.02742689,  0.49139538,\n",
              "         0.218812  , -0.17694693,  0.20167379, -0.17694693],\n",
              "       [ 0.34922848, -0.03281745, -0.47132263,  0.35626905,  0.57617135,\n",
              "         1.        ,  0.15769731,  0.05778018,  0.36201598,  0.07717235,\n",
              "         0.07509151, -0.0756452 , -0.15212379,  0.51267454,  0.15422291,\n",
              "         0.21476867,  0.35286924, -0.21749074, -0.10188565,  0.09843795,\n",
              "         0.20931084, -0.28804951, -0.03281745, -0.28804951],\n",
              "       [ 0.00144648, -0.69963707, -0.44587784,  0.36345062, -0.06712627,\n",
              "         0.15769731,  1.        , -0.55678431,  0.12731728, -0.24332679,\n",
              "         0.44282355,  0.04137307,  0.39319224, -0.00548291, -0.31568468,\n",
              "         0.07782227,  0.25665264, -0.16381768,  0.08500978,  0.38863325,\n",
              "         0.12327242, -0.1932989 , -0.69963707, -0.1932989 ],\n",
              "       [-0.10300148,  0.53963616,  0.12455158, -0.18174218,  0.39095589,\n",
              "         0.05778018, -0.55678431,  1.        , -0.34756458,  0.43039696,\n",
              "        -0.79036894,  0.04412606, -0.33299504, -0.19614108,  0.01428369,\n",
              "        -0.07360511, -0.16083884,  0.42300254, -0.03650359,  0.16119362,\n",
              "        -0.14820062,  0.27096952,  0.53963616,  0.27096952],\n",
              "       [ 0.23787282, -0.1704818 , -0.28315809,  0.48242998,  0.26417531,\n",
              "         0.36201598,  0.12731728, -0.34756458,  1.        , -0.28135471,\n",
              "         0.46674795,  0.30303405,  0.15645216,  0.54927945,  0.23208254,\n",
              "        -0.05169562,  0.02426607, -0.19867801, -0.17229162,  0.2339775 ,\n",
              "         0.06302174, -0.48431376, -0.1704818 , -0.48431376],\n",
              "       [-0.13525164, -0.04027192,  0.12305369, -0.13011683,  0.381489  ,\n",
              "         0.07717235, -0.24332679,  0.43039696, -0.28135471,  1.        ,\n",
              "        -0.47767093,  0.27713547, -0.18754815, -0.17286788,  0.05898885,\n",
              "         0.04272118,  0.08914275,  0.41633404, -0.12387124, -0.13502974,\n",
              "         0.48829846,  0.05434643, -0.04027192,  0.05434643],\n",
              "       [-0.00252538, -0.32157628, -0.15910026,  0.30797846, -0.15450883,\n",
              "         0.07509151,  0.44282355, -0.79036894,  0.46674795, -0.47767093,\n",
              "         1.        ,  0.10176548,  0.48242172,  0.21372179,  0.22735526,\n",
              "         0.05902939,  0.2810306 , -0.53135755,  0.15037304,  0.00739806,\n",
              "         0.31503105, -0.51154843, -0.32157628, -0.51154843],\n",
              "       [-0.26515726, -0.28133272,  0.01825615, -0.01437493, -0.05947116,\n",
              "        -0.0756452 ,  0.04137307,  0.04412606,  0.30303405,  0.27713547,\n",
              "         0.10176548,  1.        ,  0.12628696, -0.37970105,  0.34099092,\n",
              "         0.19645718, -0.01246117, -0.11074788, -0.0991187 ,  0.0726364 ,\n",
              "         0.47433716, -0.2073366 , -0.28133272, -0.2073366 ],\n",
              "       [-0.05124382, -0.0490309 , -0.22907995,  0.34191049, -0.04309389,\n",
              "        -0.15212379,  0.39319224, -0.33299504,  0.15645216, -0.18754815,\n",
              "         0.48242172,  0.12628696,  1.        , -0.096665  , -0.06596622,\n",
              "        -0.32305564, -0.25817366, -0.40479808, -0.35116103,  0.42373669,\n",
              "         0.20924964, -0.23454518, -0.0490309 , -0.23454518],\n",
              "       [ 0.31435019, -0.0157962 , -0.08723838,  0.37709967,  0.37033538,\n",
              "         0.51267454, -0.00548291, -0.19614108,  0.54927945, -0.17286788,\n",
              "         0.21372179, -0.37970105, -0.096665  ,  1.        ,  0.17777091,\n",
              "        -0.00484423,  0.20074649,  0.08103125, -0.01157128, -0.02410959,\n",
              "        -0.07566878, -0.3307048 , -0.0157962 , -0.3307048 ],\n",
              "       [-0.03934624,  0.31280799,  0.52846964,  0.2886127 ,  0.10482406,\n",
              "         0.15422291, -0.31568468,  0.01428369,  0.23208254,  0.05898885,\n",
              "         0.22735526,  0.34099092, -0.06596622,  0.17777091,  1.        ,\n",
              "         0.08133447,  0.1036991 , -0.22283938,  0.16329924, -0.32337252,\n",
              "         0.57386973, -0.33462644,  0.31280799, -0.33462644],\n",
              "       [-0.43603255, -0.40457474, -0.33028463, -0.40968614,  0.00955319,\n",
              "         0.21476867,  0.07782227, -0.07360511, -0.05169562,  0.04272118,\n",
              "         0.05902939,  0.19645718, -0.32305564, -0.00484423,  0.08133447,\n",
              "         1.        ,  0.26736041, -0.31380168,  0.16274017, -0.06951881,\n",
              "         0.16864712,  0.2496125 , -0.40457474,  0.2496125 ],\n",
              "       [-0.34655407, -0.28033617, -0.04399669,  0.09439652,  0.11737819,\n",
              "         0.35286924,  0.25665264, -0.16083884,  0.02426607,  0.08914275,\n",
              "         0.2810306 , -0.01246117, -0.25817366,  0.20074649,  0.1036991 ,\n",
              "         0.26736041,  1.        ,  0.2533718 ,  0.58932337, -0.08092333,\n",
              "         0.41915915, -0.54643841, -0.28033617, -0.54643841],\n",
              "       [-0.13580194,  0.00850245,  0.35492636, -0.02994796,  0.11857544,\n",
              "        -0.21749074, -0.16381768,  0.42300254, -0.19867801,  0.41633404,\n",
              "        -0.53135755, -0.11074788, -0.40479808,  0.08103125, -0.22283938,\n",
              "        -0.31380168,  0.2533718 ,  1.        ,  0.28177633, -0.00100317,\n",
              "        -0.13739433, -0.06454465,  0.00850245, -0.06454465],\n",
              "       [-0.24825093, -0.1391372 ,  0.28487653, -0.13521186, -0.02742689,\n",
              "        -0.10188565,  0.08500978, -0.03650359, -0.17229162, -0.12387124,\n",
              "         0.15037304, -0.0991187 , -0.35116103, -0.01157128,  0.16329924,\n",
              "         0.16274017,  0.58932337,  0.28177633,  1.        , -0.13737351,\n",
              "         0.03087256, -0.39100492, -0.1391372 , -0.39100492],\n",
              "       [-0.27314994, -0.0170169 , -0.60336777,  0.45832894,  0.49139538,\n",
              "         0.09843795,  0.38863325,  0.16119362,  0.2339775 , -0.13502974,\n",
              "         0.00739806,  0.0726364 ,  0.42373669, -0.02410959, -0.32337252,\n",
              "        -0.06951881, -0.08092333, -0.00100317, -0.13737351,  1.        ,\n",
              "        -0.07860135, -0.02854875, -0.0170169 , -0.02854875],\n",
              "       [-0.34468117, -0.10889668,  0.12776285,  0.32398527,  0.218812  ,\n",
              "         0.20931084,  0.12327242, -0.14820062,  0.06302174,  0.48829846,\n",
              "         0.31503105,  0.47433716,  0.20924964, -0.07566878,  0.57386973,\n",
              "         0.16864712,  0.41915915, -0.13739433,  0.03087256, -0.07860135,\n",
              "         1.        , -0.39234399, -0.10889668, -0.39234399],\n",
              "       [-0.04300807,  0.11518462, -0.07075127, -0.39173188, -0.17694693,\n",
              "        -0.28804951, -0.1932989 ,  0.27096952, -0.48431376,  0.05434643,\n",
              "        -0.51154843, -0.2073366 , -0.23454518, -0.3307048 , -0.33462644,\n",
              "         0.2496125 , -0.54643841, -0.06454465, -0.39100492, -0.02854875,\n",
              "        -0.39234399,  1.        ,  0.11518462,  1.        ],\n",
              "       [ 0.07097861,  1.        ,  0.33942648,  0.12921421,  0.20167379,\n",
              "        -0.03281745, -0.69963707,  0.53963616, -0.1704818 , -0.04027192,\n",
              "        -0.32157628, -0.28133272, -0.0490309 , -0.0157962 ,  0.31280799,\n",
              "        -0.40457474, -0.28033617,  0.00850245, -0.1391372 , -0.0170169 ,\n",
              "        -0.10889668,  0.11518462,  1.        ,  0.11518462],\n",
              "       [-0.04300807,  0.11518462, -0.07075127, -0.39173188, -0.17694693,\n",
              "        -0.28804951, -0.1932989 ,  0.27096952, -0.48431376,  0.05434643,\n",
              "        -0.51154843, -0.2073366 , -0.23454518, -0.3307048 , -0.33462644,\n",
              "         0.2496125 , -0.54643841, -0.06454465, -0.39100492, -0.02854875,\n",
              "        -0.39234399,  1.        ,  0.11518462,  1.        ]])"
            ]
          },
          "metadata": {
            "tags": []
          },
          "execution_count": 44
        }
      ]
    },
    {
      "cell_type": "code",
      "metadata": {
        "id": "pM4W6FSWhR2M",
        "colab": {
          "base_uri": "https://localhost:8080/"
        },
        "outputId": "3c4db63c-6c8f-4684-d4b4-aff7a1462933"
      },
      "source": [
        "for i in range(corr.shape[0]):\n",
        "    for j in range(corr.shape[1]):\n",
        "        if (i !=j) and (corr[i,j] == 1.):\n",
        "            print(f'row = {i} column = {j} corrcoef = {corr[i,j]}')\n",
        "#หาค่า correlation ที่ซ้ำกัน"
      ],
      "execution_count": null,
      "outputs": [
        {
          "output_type": "stream",
          "text": [
            "row = 21 column = 23 corrcoef = 1.0\n",
            "row = 23 column = 21 corrcoef = 1.0\n"
          ],
          "name": "stdout"
        }
      ]
    },
    {
      "cell_type": "markdown",
      "metadata": {
        "id": "dqylcU1qhleq"
      },
      "source": [
        "จากการวนลูปพบว่าค่าที่มีค่าที่เท่ากันหรือซ้ำกัน จึงจำเป็นที่จะต้องตัดข้อมูลออกก่อนนำไปใช้ โดยการแสดงข้อมูลทั้งหมด"
      ]
    },
    {
      "cell_type": "code",
      "metadata": {
        "id": "rkIwUqmbhW5r",
        "colab": {
          "base_uri": "https://localhost:8080/",
          "height": 419
        },
        "outputId": "335c8c95-5211-4b5c-8c38-de38c0be6ee6"
      },
      "source": [
        "newdata = Data.iloc[1:,:24]\n",
        "newdata"
      ],
      "execution_count": null,
      "outputs": [
        {
          "output_type": "execute_result",
          "data": {
            "text/html": [
              "<div>\n",
              "<style scoped>\n",
              "    .dataframe tbody tr th:only-of-type {\n",
              "        vertical-align: middle;\n",
              "    }\n",
              "\n",
              "    .dataframe tbody tr th {\n",
              "        vertical-align: top;\n",
              "    }\n",
              "\n",
              "    .dataframe thead th {\n",
              "        text-align: right;\n",
              "    }\n",
              "</style>\n",
              "<table border=\"1\" class=\"dataframe\">\n",
              "  <thead>\n",
              "    <tr style=\"text-align: right;\">\n",
              "      <th></th>\n",
              "      <th>0</th>\n",
              "      <th>1</th>\n",
              "      <th>2</th>\n",
              "      <th>3</th>\n",
              "      <th>4</th>\n",
              "      <th>5</th>\n",
              "      <th>6</th>\n",
              "      <th>7</th>\n",
              "      <th>8</th>\n",
              "      <th>9</th>\n",
              "      <th>10</th>\n",
              "      <th>11</th>\n",
              "      <th>12</th>\n",
              "      <th>13</th>\n",
              "      <th>14</th>\n",
              "      <th>15</th>\n",
              "      <th>16</th>\n",
              "      <th>17</th>\n",
              "      <th>18</th>\n",
              "      <th>19</th>\n",
              "      <th>20</th>\n",
              "      <th>21</th>\n",
              "      <th>22</th>\n",
              "      <th>23</th>\n",
              "    </tr>\n",
              "  </thead>\n",
              "  <tbody>\n",
              "    <tr>\n",
              "      <th>1</th>\n",
              "      <td>-1.504680</td>\n",
              "      <td>-4.798100</td>\n",
              "      <td>-9.477033</td>\n",
              "      <td>7.594804</td>\n",
              "      <td>8.830604</td>\n",
              "      <td>9.330478</td>\n",
              "      <td>8.785840</td>\n",
              "      <td>-8.155954</td>\n",
              "      <td>7.534038</td>\n",
              "      <td>-9.153681</td>\n",
              "      <td>8.121219</td>\n",
              "      <td>6.385155</td>\n",
              "      <td>8.018150</td>\n",
              "      <td>5.199183</td>\n",
              "      <td>8.194834</td>\n",
              "      <td>5.343283</td>\n",
              "      <td>8.596106</td>\n",
              "      <td>-8.518229</td>\n",
              "      <td>2.092111</td>\n",
              "      <td>6.203299</td>\n",
              "      <td>7.313643</td>\n",
              "      <td>-9.502662</td>\n",
              "      <td>-9.596201</td>\n",
              "      <td>-45.513311</td>\n",
              "    </tr>\n",
              "    <tr>\n",
              "      <th>2</th>\n",
              "      <td>-0.724281</td>\n",
              "      <td>-3.474088</td>\n",
              "      <td>-7.808672</td>\n",
              "      <td>9.030851</td>\n",
              "      <td>8.839823</td>\n",
              "      <td>8.814363</td>\n",
              "      <td>9.691501</td>\n",
              "      <td>-9.396026</td>\n",
              "      <td>7.542054</td>\n",
              "      <td>-8.843869</td>\n",
              "      <td>8.885087</td>\n",
              "      <td>4.696764</td>\n",
              "      <td>7.429579</td>\n",
              "      <td>5.172997</td>\n",
              "      <td>6.781114</td>\n",
              "      <td>4.759322</td>\n",
              "      <td>8.378016</td>\n",
              "      <td>-8.474100</td>\n",
              "      <td>3.362103</td>\n",
              "      <td>6.338624</td>\n",
              "      <td>8.772902</td>\n",
              "      <td>-9.134738</td>\n",
              "      <td>-6.948176</td>\n",
              "      <td>-43.673691</td>\n",
              "    </tr>\n",
              "    <tr>\n",
              "      <th>3</th>\n",
              "      <td>8.037503</td>\n",
              "      <td>7.536090</td>\n",
              "      <td>4.304222</td>\n",
              "      <td>1.368213</td>\n",
              "      <td>7.655374</td>\n",
              "      <td>5.877472</td>\n",
              "      <td>-10.673538</td>\n",
              "      <td>3.329210</td>\n",
              "      <td>1.672791</td>\n",
              "      <td>-0.114393</td>\n",
              "      <td>-2.519571</td>\n",
              "      <td>-3.016721</td>\n",
              "      <td>-4.771517</td>\n",
              "      <td>6.474865</td>\n",
              "      <td>5.012202</td>\n",
              "      <td>-6.992676</td>\n",
              "      <td>3.322683</td>\n",
              "      <td>6.385760</td>\n",
              "      <td>6.283564</td>\n",
              "      <td>-3.763382</td>\n",
              "      <td>-4.210971</td>\n",
              "      <td>-4.080487</td>\n",
              "      <td>15.072180</td>\n",
              "      <td>-18.402434</td>\n",
              "    </tr>\n",
              "    <tr>\n",
              "      <th>4</th>\n",
              "      <td>-0.643676</td>\n",
              "      <td>-5.098232</td>\n",
              "      <td>6.426570</td>\n",
              "      <td>-2.833146</td>\n",
              "      <td>-4.292058</td>\n",
              "      <td>-3.105426</td>\n",
              "      <td>2.996073</td>\n",
              "      <td>-3.192412</td>\n",
              "      <td>-4.275848</td>\n",
              "      <td>6.586916</td>\n",
              "      <td>1.208168</td>\n",
              "      <td>5.088648</td>\n",
              "      <td>8.835935</td>\n",
              "      <td>-5.743763</td>\n",
              "      <td>0.456918</td>\n",
              "      <td>-6.460829</td>\n",
              "      <td>9.504938</td>\n",
              "      <td>5.275986</td>\n",
              "      <td>2.749596</td>\n",
